Aika_s_	SuhteellinenKokoonpuristuma___	Maksimileikkausj_nnitys_kPa_	Huokosvedenpaine_kPa_	Sellipaine_mitattu_kPa_	SuhteellinenTilavuudenMuutos___	Voimamittaus_kg_	Siirtym__mm_	Vaaka_g_	Var1
2380.49995	0.072872	0.06371	2.589971	90.945289	0	0.244167	0.062211	0	5
4770.500617	0.14539	0.477455	2.92244	90.941313	0	1.831146	0.141599	0	5
7160.500077	0.217901	0.930101	4.097102	90.958128	0	3.569762	0.223304	0	5
9550.600789	0.290444	1.199344	4.922036	90.929012	0	4.60641	0.302628	0	5
11940.600387	0.363002	1.385829	5.47263	90.9328	0	5.32637	0.380114	0	5
14330.600231	0.435566	1.532147	5.845003	90.960518	0	5.893091	0.462204	0	5
16720.600273	0.508136	1.647269	6.101602	90.968005	0	6.340426	0.541782	0	5
19110.700858	0.580707	1.754907	6.190331	90.950778	0	6.75976	0.624332	0	5
21500.700772	0.65328	1.853179	6.294064	90.992198	0	7.143555	0.705949	0	5
23890.700162	0.725854	1.945655	6.334562	90.98239	0	7.505339	0.784332	0	5
26280.700481	0.79843	2.026163	6.435745	90.934362	0	7.821615	0.865248	0	5
28670.800001	0.871006	2.108558	6.502315	90.973283	0	8.14571	0.947085	0	5
31060.800369	0.943582	2.188329	6.582368	90.958951	0	8.460009	1.027188	0	5
33450.80053	1.016158	2.263325	6.669169	90.95735	0	8.756184	1.105917	0	5
35840.800348	1.088735	2.338672	6.761061	90.957775	0	9.054384	1.187666	0	5
38230.900497	1.161313	2.407142	6.795657	90.972787	0	9.326319	1.26861	0	5
40620.899883	1.233891	2.477517	6.777055	90.992331	0	9.6061	1.350272	0	5
43010.900396	1.306469	2.546158	6.863431	90.920695	0	9.879333	1.429338	0	5
45400.900867	1.379047	2.611357	6.863011	90.958951	0	10.139854	1.51116	0	5
47791.000158	1.451332	2.679659	6.935068	90.957669	0	10.412576	1.590447	0	5
50181.000625	1.523911	2.744512	6.935315	90.955442	0	10.672559	1.672586	0	5
52570.999877	1.596489	2.80901	6.991459	90.926911	0	10.931289	1.752086	0	5
54961.000301	1.669068	2.872685	7.053691	90.948525	0	11.187401	1.833676	0	5
57351.100144	1.741647	2.935975	7.063894	90.941985	0	11.442268	1.914084	0	5
59741.100333	1.814226	2.99285	7.099058	90.965556	0	11.67251	1.994641	0	5
62131.100804	1.886805	3.056853	7.144851	90.945937	0	11.930793	2.074109	0	5
64521.100139	1.959385	3.111903	7.187954	90.97851	0	12.154758	2.156049	0	5
66911.200461	2.031965	3.170822	7.259287	90.912332	0	12.393608	2.232946	0	5
69301.200351	2.104544	3.230048	7.327602	90.940368	0	12.634539	2.314506	0	5
71691.20086	2.177124	3.283896	7.396364	90.953125	0	12.854362	2.392568	0	5
74081.200061	2.249705	3.334761	7.465187	90.903724	0	13.063112	2.473078	0	5
76471.300767	2.322285	3.391675	7.526061	90.962521	0	13.296206	2.556258	0	5
78861.300677	2.394864	3.451505	7.59006	90.903449	0	13.540716	2.636359	0	5
81251.29988	2.467446	3.495293	7.620273	90.922535	0	13.722464	2.715319	0	5
83641.30035	2.540026	3.547966	7.65058	90.951368	0	13.939541	2.795534	0	5
86031.399901	2.612607	3.600856	7.683037	90.950739	0	14.157429	2.872952	0	5
88421.400697	2.685188	3.648457	7.693136	90.927119	0	14.355415	2.954879	0	5
90811.40008	2.757479	3.68376	7.694901	90.972098	0	14.504716	3.032621	0	5
93201.400053	2.830059	3.73962	7.729028	90.97289	0	14.73583	3.114766	0	5
95591.499916	2.902639	3.794161	7.685116	90.942027	0	14.961765	3.194503	0	5
97981.500711	2.975221	3.836763	7.739414	90.965674	0	15.140984	3.274728	0	5
100371.500153	3.047801	3.892475	7.718953	90.956111	0	15.372263	3.355083	0	5
102761.500323	3.120381	3.944067	7.680987	90.992684	0	15.587742	3.436406	0	5
105151.600635	3.192964	3.983556	7.632523	91.012559	0	15.755613	3.517281	0	5
107541.600486	3.265543	4.041387	7.575355	90.977222	0	15.996299	3.597931	0	5
109931.600633	3.338123	4.095486	7.497802	90.963642	0	16.222249	3.676464	0	5
112321.599998	3.410704	4.145708	7.472793	91.000459	0	16.433697	3.758526	0	5
114711.700164	3.483283	4.204788	7.415564	90.993156	0	16.68003	3.836849	0	5
117101.700579	3.555863	4.260843	7.408902	90.992282	0	16.915291	3.918846	0	5
119491.700677	3.628443	4.313871	7.422278	90.969591	0	17.138359	3.997553	0	5
121881.69998	3.701024	4.359186	7.399512	90.952797	0	17.331251	4.077266	0	5
124271.800631	3.773604	4.415398	7.402425	90.954997	0	17.567661	4.156189	0	5
126661.800381	3.846185	4.465467	7.336606	90.950856	0	17.780633	4.239179	0	5
129051.800189	3.918766	4.513029	7.37124	90.963975	0	17.983149	4.317437	0	5
131441.800076	3.991347	4.56078	7.332923	90.963621	0	18.186879	4.396643	0	5
133831.900895	4.063927	4.613267	7.437972	90.973662	0	18.409674	4.47507	0	5
136221.900284	4.136509	4.655016	7.431073	90.979093	0	18.590375	4.556137	0	5
138611.899949	4.208796	4.710976	7.471633	90.946065	0	18.82781	4.63528	0	5
141001.900865	4.281376	4.760577	7.469987	90.936648	0	19.040327	4.71534	0	5
143392.000716	4.353958	4.803844	7.394135	90.959735	0	19.227848	4.795618	0	5
145782.000185	4.426539	4.85514	7.428519	90.974095	0	19.447649	4.874984	0	5
148172.000687	4.49912	4.902553	7.472627	90.972807	0	19.651921	4.952771	0	5
150562.000472	4.571702	4.939757	7.450319	90.93122	0	19.816316	5.034732	0	5
152952.100093	4.644283	4.989944	7.453255	90.920218	0.000387	20.024751	5.112924	0.08	5
155342.100676	4.716865	5.035921	7.490388	90.910996	0.001015	20.211342	5.189643	0.21	5
157732.100385	4.789447	5.082435	7.532767	90.935992	0.001546	20.402528	5.268732	0.32	5
160122.100345	4.862029	5.12438	7.582218	90.875503	0.002078	20.575588	5.348468	0.43	5
162512.200112	4.934611	5.168726	7.695231	90.923129	0.002706	20.756328	5.427889	0.56	5
164902.199904	5.007193	5.213875	7.647035	90.911681	0.003238	20.942109	5.506123	0.67	5
167292.200381	5.079776	5.251485	7.645193	90.892824	0.003721	21.098537	5.583566	0.77	5
169682.200117	5.152357	5.304487	7.665243	90.914712	0.004301	21.315416	5.663723	0.89	5
172072.200613	5.224938	5.353172	7.629036	90.933042	0.004881	21.51457	5.741645	1.01	5
174462.300748	5.297523	5.383595	7.710058	90.940101	0.005606	21.63749	5.820583	1.16	5
176852.300621	5.370103	5.436972	7.772015	90.928721	0.006185	21.855983	5.900314	1.28	5
179242.299968	5.442687	5.473158	7.81586	90.950739	0.006814	22.004143	5.978889	1.41	5
181632.300085	5.514977	5.512781	7.7423	90.909462	0.007442	22.16605	6.056936	1.54	5
184022.400003	5.587558	5.562162	7.768702	90.931043	0.008215	22.364417	6.136848	1.7	5
186472.776072	5.660139	5.612094	7.774871	90.950329	0.008892	22.567332	6.217544	1.84	5
188862.875973	5.732722	5.651615	7.706453	90.961108	0.009327	22.733474	6.296364	1.93	5
191252.876634	5.805304	5.693132	7.630452	90.95068	0.009617	22.911225	6.375901	1.99	5
193642.876269	5.877885	5.745792	7.49312	90.942504	0.010051	23.130656	6.455363	2.08	5
196032.876685	5.950466	5.793743	7.418801	90.994717	0.010438	23.332727	6.536305	2.16	5
198422.876073	6.023047	5.843683	7.43668	90.978192	0.01097	23.538772	6.613683	2.27	5
200812.876752	6.095627	5.894736	7.39442	90.957573	0.011549	23.748683	6.692961	2.39	5
203202.976841	6.168208	5.946141	7.33798	90.952523	0.012226	23.958059	6.773448	2.53	5
205592.97594	6.240791	5.984538	7.274171	90.960558	0.012709	24.119629	6.853562	2.63	5
207982.976295	6.313371	6.041797	7.263229	90.969808	0.013289	24.354363	6.930995	2.75	5
210372.975987	6.385951	6.094199	7.297732	90.992595	0.013966	24.567754	7.010671	2.89	5
212763.076495	6.458534	6.136821	7.255522	90.966129	0.014642	24.74187	7.090845	3.03	5
215153.076044	6.531113	6.194443	7.195844	90.957869	0.015222	24.978717	7.170165	3.15	5
217543.075891	6.603695	6.239523	7.184689	90.962691	0.015754	25.166382	7.249879	3.26	5
219933.076467	6.676276	6.288023	7.171351	90.945977	0.016382	25.365634	7.330223	3.39	5
222323.176496	6.748858	6.334726	7.127929	90.919445	0.017058	25.556171	7.409378	3.53	5
224713.176145	6.821439	6.382994	7.077893	90.939232	0.017687	25.75438	7.488824	3.66	5
227103.276818	6.893728	6.4297	7.083786	90.936206	0.018267	25.947742	7.568842	3.78	5
229493.275887	6.966311	6.469161	7.092338	90.92557	0.018943	26.109347	7.648637	3.92	5
231883.27658	7.038892	6.518953	7.157614	90.925194	0.01962	26.312861	7.729118	4.06	5
234273.275889	7.111474	6.563436	7.507219	90.950583	0.020393	26.492332	7.809273	4.22	5
236663.276783	7.184059	6.593908	7.511496	90.940531	0.020876	26.622733	7.888356	4.32	5
239053.276297	7.256639	6.644399	7.555278	90.915846	0.021359	26.834441	7.968881	4.42	5
241443.376369	7.329222	6.690038	7.619834	90.863041	0.022326	27.012647	8.046058	4.62	5
243833.376196	7.401806	6.720037	7.708517	90.903052	0.023099	27.134038	8.127493	4.78	5
246223.376521	7.474388	6.768824	7.729805	90.923243	0.023775	27.333113	8.20575	4.92	5
248613.476298	7.546971	6.804337	7.774439	90.919654	0.024307	27.482964	8.285227	5.03	5
251003.476575	7.619554	6.84146	7.787346	90.887114	0.024839	27.639503	8.365086	5.14	5
253393.47615	7.692136	6.884929	7.790996	90.925869	0.025419	27.820692	8.446004	5.26	5
255783.4768	7.76472	6.922415	7.774131	90.919088	0.02595	27.979382	8.527774	5.37	5
258173.476554	7.837303	6.960324	7.814263	90.843557	0.02653	28.137422	8.605635	5.49	5
260563.476215	7.909886	6.996852	7.892477	90.932276	0.027013	28.293145	8.685081	5.59	5
262953.575943	7.982469	7.034075	7.841563	90.861468	0.027303	28.456759	8.762406	5.65	5
265343.576524	8.055052	7.070414	7.799709	90.953321	0.02769	28.6152	8.843491	5.73	5
267733.576447	8.127636	7.099342	7.836743	90.939129	0.027931	28.748677	8.926999	5.78	5
270123.676454	8.200221	7.122397	7.843374	90.99505	0.027641	28.872946	9.006528	5.72	5
272513.676047	8.272511	7.155811	7.734191	90.926408	0.027641	29.032667	9.092008	5.72	5
274903.676341	8.345094	7.193673	7.637476	90.918607	0.027835	29.203703	9.172974	5.76	5
277293.676741	8.417675	7.2369	7.561304	90.916178	0.028173	29.392687	9.254856	5.83	5
279683.676387	8.490258	7.276576	7.505343	90.900431	0.028511	29.56719	9.335913	5.9	5
282073.775871	8.562839	7.320254	7.418946	90.904372	0.028898	29.756956	9.417963	5.98	5
284463.776276	8.635423	7.356101	7.429771	90.951055	0.029333	29.913086	9.498337	6.07	5
286853.776468	8.708004	7.401365	7.322155	90.913695	0.029768	30.108056	9.580113	6.16	5
289243.776292	8.780587	7.437923	7.280487	90.92195	0.030203	30.267239	9.660186	6.25	5
291633.876409	8.853171	7.474082	7.321771	90.924752	0.031024	30.412961	9.740242	6.42	5
294023.875989	8.925753	7.518624	7.328737	90.927789	0.031749	30.596638	9.823125	6.57	5
296413.875833	8.998335	7.561332	7.32101	90.916697	0.032377	30.774761	9.902225	6.7	5
298803.876437	9.070917	7.605269	7.290402	90.932337	0.032909	30.961316	9.982388	6.81	5
301193.975836	9.143499	7.647683	7.259957	90.903141	0.033537	31.138902	10.063192	6.94	5
303583.975868	9.216082	7.685309	7.224034	90.935439	0.034117	31.298148	10.142548	7.06	5
305973.976194	9.288664	7.730054	7.209907	90.954247	0.034697	31.487129	10.224056	7.18	5
308363.976603	9.361246	7.770622	7.242456	90.964791	0.035228	31.659809	10.302578	7.29	5
310754.076066	9.433829	7.809129	7.253092	90.903433	0.035712	31.826913	10.384787	7.39	5
313144.076019	9.506411	7.850017	7.324846	90.889199	0.036146	32.004352	10.463619	7.48	5
315534.076509	9.578994	7.891684	7.383898	90.934194	0.036678	32.182546	10.544423	7.59	5
317924.075933	9.651283	7.930637	7.441398	90.895767	0.037113	32.352741	10.624513	7.68	5
320314.076497	9.723866	7.972566	7.480989	90.896894	0.037693	32.530362	10.704549	7.8	5
322704.175973	9.79645	8.007747	7.559583	90.897452	0.038563	32.670217	10.78273	7.98	5
325094.176205	9.869033	8.044717	7.670611	90.891535	0.039239	32.824032	10.861518	8.12	5
327484.176269	9.941617	8.080247	7.773921	90.912856	0.039964	32.970647	10.941138	8.27	5
329874.175908	10.0142	8.116527	7.80752	90.918618	0.040737	33.118009	11.0187	8.43	5
332367.476043	10.090005	8.144774	7.846214	90.8826	0.04151	33.234737	11.10273	8.59	5
334757.676621	10.162589	8.178483	7.882218	90.882793	0.042042	33.380499	11.182061	8.7	5
337147.67674	10.235172	8.212662	7.953585	90.886948	0.042429	33.53326	11.261399	8.78	5
339537.676681	10.307755	8.249081	7.956227	90.88574	0.042864	33.693768	11.341154	8.87	5
341927.776201	10.380338	8.281413	7.987895	90.866927	0.043057	33.84582	11.420021	8.91	5
344317.876703	10.452923	8.309755	7.973597	90.864292	0.043443	33.975454	11.500283	8.99	5
346707.976576	10.525505	8.351821	7.935084	90.888232	0.043782	34.162788	11.57981	9.06	5
349100.076425	10.598087	8.387811	7.860985	90.928431	0.04412	34.325405	11.659234	9.13	5
351490.076847	10.670672	8.417621	7.815076	90.913554	0.044507	34.46122	11.738842	9.21	5
353881.176078	10.743254	8.456789	7.778773	90.9234	0.044893	34.635554	11.81866	9.29	5
356271.776385	10.815838	8.485487	7.775545	90.964132	0.045135	34.772122	11.897835	9.34	5
358661.775861	10.888422	8.514428	7.772891	90.928078	0.045473	34.906439	11.977224	9.41	5
361051.776171	10.96113	7.881722	7.669686	90.890139	0.045763	32.328475	12.055821	9.47	5
363441.776525	11.033627	8.376822	7.729322	90.922183	0.04586	34.38359	12.135971	9.49	5
365831.876724	11.106191	8.512262	7.61594	90.939908	0.046101	34.959412	12.217054	9.54	5
368221.876772	11.178472	8.594533	7.487666	90.963252	0.046391	35.3156	12.298013	9.6	5
370611.876348	11.25105	8.658515	7.376666	90.876622	0.046681	35.596538	12.377737	9.66	5
373001.876752	11.323629	8.711221	7.305222	90.903453	0.046971	35.831088	12.45663	9.72	5
375391.876173	11.396212	8.751025	7.240821	90.927328	0.047309	36.011417	12.536684	9.79	5
377781.976208	11.468792	8.803532	7.183778	90.873525	0.047889	36.234862	12.615939	9.91	5
380171.976273	11.541374	8.842947	7.172108	90.920732	0.048324	36.410196	12.695783	10	5
382561.976477	11.613957	8.878977	7.107326	90.891412	0.048711	36.573348	12.775072	10.08	5
384952.076682	11.686537	8.928162	7.001729	90.89106	0.049146	36.789012	12.854361	10.17	5
387342.076445	11.75912	8.96747	6.960648	90.911327	0.049677	36.960932	12.934996	10.28	5
389732.076642	11.831703	9.002072	6.886743	90.882831	0.050112	37.116314	13.013088	10.37	5
392122.176702	11.904284	9.048187	6.872564	90.8895	0.050402	37.325604	13.092989	10.43	5
394512.176466	11.976867	9.084394	6.869804	90.851671	0.05074	37.492331	13.172855	10.5	5
396902.275853	12.049449	9.120878	6.858395	90.880841	0.051079	37.659855	13.25138	10.57	5
399292.276204	12.122032	9.158818	6.853728	90.917621	0.051514	37.830469	13.331741	10.66	5
401682.276153	12.194616	9.188542	6.884464	90.88829	0.051804	37.972503	13.410843	10.72	5
404072.276687	12.267199	9.220271	6.924836	90.938791	0.05219	38.11945	13.490704	10.8	5
406462.376419	12.339785	9.244464	6.94499	90.913821	0.052577	38.235028	13.569709	10.88	5
408852.37612	12.412367	9.282634	6.925449	90.926689	0.05306	38.404901	13.649264	10.98	5
411242.476165	12.484951	9.315532	6.936605	90.906653	0.053543	38.552828	13.728203	11.08	5
413632.476647	12.557243	9.343671	6.854197	90.917349	0.054075	38.679077	13.806802	11.19	5
416022.47582	12.629826	9.374944	6.816056	90.938485	0.054461	38.824165	13.885212	11.27	5
418412.57581	12.702409	9.407995	6.830274	90.914999	0.054751	38.981473	13.965601	11.33	5
420802.576683	12.774995	9.427819	6.878496	90.933362	0.055138	39.079536	14.044374	11.41	5
423192.575953	12.847578	9.462271	6.957	90.900082	0.055476	39.241107	14.125072	11.48	5
425582.576257	12.920163	9.488072	6.950508	90.887799	0.055621	39.374422	14.204609	11.51	5
427972.576422	12.992745	9.523654	6.955953	90.944872	0.056008	39.538471	14.283901	11.59	5
430362.676354	13.065329	9.552336	6.973084	90.906123	0.056346	39.676712	14.364899	11.66	5
432752.676024	13.137912	9.589791	6.908967	90.869453	0.056684	39.850592	14.443555	11.73	5
435142.775954	13.210495	9.623726	6.868523	90.917597	0.056974	40.012373	14.523027	11.79	5
437532.776448	13.283079	9.653749	6.809519	90.918686	0.057361	40.154382	14.603414	11.87	5
439922.77653	13.355661	9.688539	6.752766	90.914829	0.057699	40.318428	14.68386	11.94	5
442313.476686	13.428245	9.719365	6.738467	90.918956	0.057989	40.468149	14.764211	12	5
444703.676271	13.50083	9.744986	6.707792	90.916797	0.058376	40.591695	14.843244	12.08	5
447093.776022	13.573413	9.775855	6.734736	90.947389	0.058617	40.744158	14.924042	12.13	5
449483.77657	13.645998	9.798193	6.764507	90.903384	0.058907	40.858622	15.003555	12.19	5
451873.776147	13.718582	9.830032	6.889116	90.932616	0.059245	41.011085	15.083767	12.26	5
454263.776311	13.791164	9.867042	6.898944	90.935472	0.059825	41.174822	15.163889	12.38	5
456653.77588	13.863748	9.898648	6.970194	90.940174	0.06026	41.322202	15.243619	12.47	5
459047.176035	13.936332	9.925985	6.946007	90.92148	0.060743	41.450372	15.32472	12.57	5
461437.176609	14.008917	9.954499	6.974258	90.942674	0.06113	41.587025	15.404081	12.65	5
463827.276264	14.081501	9.502173	6.992059	90.947911	0.013289	41.726352	15.48492	2.75	5
466217.276356	14.154084	10.014909	7.088477	90.959743	0.062048	41.869728	15.565646	12.84	5
468607.276304	14.226669	10.039359	7.085504	90.933941	0.06258	41.983852	15.646127	12.95	5
470997.276412	14.299253	10.072759	7.096892	90.932668	0.063015	42.139627	15.726252	13.04	5
473387.476103	14.371838	10.09847	7.129002	90.969711	0.063595	42.257648	15.80806	13.16	5
475777.576675	14.444422	10.125474	7.063376	90.940881	0.064078	42.384527	15.887749	13.26	5
478167.576205	14.517005	10.158496	7.059375	90.940532	0.064464	42.541265	15.967949	13.34	5
480557.575943	14.589296	10.190661	7.037517	90.938808	0.064899	42.692736	16.04893	13.43	5
482947.576515	14.66188	10.217444	7.087457	90.931062	0.065286	42.823796	16.129524	13.51	5
485337.676427	14.734462	10.258261	6.987884	90.933787	0.065721	43.012075	16.211071	13.6	5
487727.676015	14.807046	10.288163	6.957385	90.920295	0.066204	43.151744	16.290886	13.7	5
490117.676589	14.87963	10.317267	6.881974	90.882087	0.066736	43.286981	16.372933	13.81	5
492507.676839	14.952215	10.34352	6.791715	90.931141	0.067171	43.413686	16.452581	13.9	5
494897.775989	15.024799	10.372455	6.753037	90.939359	0.067509	43.55702	16.533971	13.97	5
497287.876371	15.097381	10.408679	6.628087	90.9198	0.067847	43.730949	16.614961	14.04	5
499677.97601	15.169965	10.43616	6.526126	90.894424	0.068185	43.867794	16.694822	14.11	5
502067.975849	15.242549	10.466011	6.482412	90.928063	0.068475	44.017933	16.776663	14.17	5
504458.476609	15.31513	10.508761	6.476451	90.893224	0.068765	44.221406	16.856105	14.23	5
506848.576189	15.387715	10.529234	6.437393	90.916699	0.0692	44.324681	16.935894	14.32	5
509238.67646	15.460296	10.577122	6.401742	90.935057	0.069683	44.541682	17.016651	14.42	5
511628.975838	15.53288	10.607716	6.368738	90.926653	0.070167	44.686186	17.097803	14.52	5
514019.67614	15.605465	10.628033	6.243835	90.918037	0.070553	44.79175	17.178241	14.6	5
516409.776114	15.678047	10.66164	6.221409	90.888148	0.070698	44.965383	17.259511	14.63	5
518800.176635	15.750631	10.69127	6.098585	90.95692	0.070843	45.122196	17.340179	14.66	5
521190.776155	15.823217	10.704196	5.989719	90.892376	0.071037	45.206545	17.421185	14.7	5
523581.676881	15.895799	10.02381	5.908517	90.893893	0.003576	45.402507	17.501346	0.74	5
525972.376091	15.968384	10.762947	5.904826	90.88073	0.071326	45.519035	17.582444	14.76	5
528365.076603	16.040969	10.783455	5.897076	90.938949	0.071471	45.637481	17.661804	14.79	5
530755.576009	16.113554	10.79889	5.886598	90.914131	0.071616	45.735013	17.741968	14.82	5
533146.676124	16.186139	10.055983	5.900826	90.884971	0	45.867084	17.822512	0	5
535537.776024	16.258724	10.841712	5.901034	90.899773	0.071858	45.984221	17.903622	14.87	5
537930.176107	16.33131	10.855139	5.899057	90.9256	0.072051	46.071713	17.98452	14.91	5
540321.576757	16.403895	10.877521	5.924546	90.954468	0.072341	46.191993	18.064149	14.97	5
542713.076156	16.476772	10.902856	5.938928	90.937182	0.07268	46.32324	18.14508	15.04	5
545104.075876	16.54936	10.907037	5.851902	90.902937	0.072969	46.366905	18.225624	15.1	5
547494.676662	16.621943	10.940209	5.844989	90.919272	0.073356	46.529154	18.306156	15.18	5
549885.875811	16.694529	10.957524	5.849623	90.929794	0.073791	46.621712	18.386709	15.27	5
552276.876677	16.767115	10.977318	5.763597	90.951227	0.074033	46.734231	18.46666	15.32	5
554668.275794	16.839699	11.003897	5.722603	90.909603	0.074371	46.87161	18.547861	15.39	5
557059.875921	16.912284	11.025564	5.686329	90.960675	0.074661	46.989918	18.627644	15.45	5
559452.276087	16.98487	11.038585	5.624027	90.920415	0.074854	47.076134	18.706995	15.49	5
561843.97584	17.057454	11.06477	5.584436	90.92367	0.075096	47.217285	18.788433	15.54	5
564237.775931	17.130327	11.109064	5.582983	90.920388	0.075289	47.437289	18.867706	15.58	5
566631.775795	17.202911	11.130431	5.589022	90.88734	0.075434	47.562877	18.948532	15.61	5
569028.375914	17.275791	11.142001	5.641164	90.921087	0.075531	47.648298	19.027573	15.63	5
571426.376344	17.348377	11.149831	5.637956	90.918313	0.075531	47.723631	19.108272	15.63	5
573836.976315	17.42155	11.159204	5.682848	90.930458	0.075579	47.803062	19.188626	15.64	5
576286.875914	17.496181	11.191041	5.68113	90.920032	0.075676	47.97645	19.268951	15.66	5
578765.275851	17.571402	11.203115	5.736152	90.892923	0.075821	48.064644	19.352709	15.69	5
581261.675958	17.647203	11.243727	5.84782	90.873733	0.076256	48.259235	19.433917	15.78	5
583787.176639	17.723889	11.247335	5.999116	90.91788	0.076594	48.300823	19.51649	15.85	5
586361.176453	17.802038	11.253259	6.145632	90.904301	0.076787	48.360943	19.601006	15.89	5
589963.97611	17.911211	11.268422	6.357698	90.872827	0.077077	48.475057	19.721631	15.95	5
